Day 1 -
Number System

Default number system


Binary Base2(0 ,1)
0
1

10
11



Decimal number system base10 (0,1,2,3,4,5,6,7,8,9)

0    10     20 ........ 110
1    11     21 ........ 111
2
3
4
5
6
7
8
9    19   29   ........ 119





    My Choosen Base  Base6 (0,1,2,3,4,5)
    
    
    0      10    20  30  40 50   100  110
    1      11    21  31  41 51   101  111
    2      12    22  32  42 52   102  112
    3      13    23  33  43 53   103  113
    4      14   24   34  44 54   104  114
    5      15   25   35  45 55  105   115
    
    
    
    
    
    
    
